1696286179775 0.2193666771054268 0
1696286179776 0.19074453972280025 1
1696286179777 0.1542929671704769 2
1696286179779 0.11015583900734782 3
1696286179780 0.06890379660762846 4
1696286179782 0.038558768574148417 5
1696286179784 0.027146480977535248 6
1696286179785 0.025467424420639873 7
1696286179787 0.024244809057563543 8
1696286179790 0.0225504154805094 9
1696286179791 0.02223994000814855 10
1696286179792 0.02156603056937456 11
1696286179794 0.021128399181179702 12
1696286179795 0.020866457605734468 13
1696286179796 0.020738555351272225 14
1696286179797 0.02062268159352243 15
1696286179799 0.02062151301652193 16
1696286179801 0.020349741680547595 17
1696286179803 0.02005002973601222 18
1696286179805 0.019991539884358644 19
1696286179807 0.019846291630528867 20
1696286179809 0.0197884370572865 21
1696286179811 0.019515303894877434 22
1696286179812 0.019606253132224083 23
1696286179814 0.0194122523535043 24
1696286179815 0.019335487857460976 25
1696286179816 0.019204832147806883 26
1696286179817 0.019270937656983733 27
1696286179818 0.0191137520596385 28
1696286179819 0.018990918644703925 29
1696286179821 0.01904475677292794 30
1696286179823 0.018834599060937762 31
1696286179824 0.018701871391385794 32
1696286179825 0.018791302456520498 33
1696286179826 0.018741445383056998 34
1696286179827 0.018498513847589493 35
1696286179828 0.01855132996570319 36
1696286179829 0.01841611636336893 37
1696286179830 0.01848202955443412 38
1696286179831 0.018328560050576925 39
1696286179833 0.018449643976055086 40
1696286179834 0.01841343438718468 41
1696286179835 0.01828822516836226 42
1696286179836 0.01823152252472937 43
1696286179837 0.018266143975779414 44
1696286179838 0.018141252803616226 45
1696286179840 0.01819085527677089 46
1696286179841 0.01801215228624642 47
1696286179842 0.018027694895863533 48
1696286179844 0.01797169621568173 49
1696286179845 0.01807965338230133 50
1696286179846 0.017933805589564145 51
1696286179847 0.017766153323464096 52
1696286179849 0.017957306816242635 53
1696286179850 0.01794349425472319 54
1696286179851 0.017800733912736177 55
1696286179852 0.01774490938987583 56
1696286179853 0.017830036813393235 57
1696286179854 0.017759527661837637 58
1696286179855 0.017695007845759392 59
1696286179857 0.017789898323826492 60
1696286179858 0.017636142671108246 61
1696286179859 0.017686434963252395 62
1696286179860 0.017604039807338268 63
1696286179862 0.01749454950913787 64
1696286179863 0.01762231276370585 65
1696286179864 0.017481654474977404 66
1696286179865 0.017366968153510243 67
1696286179866 0.017458080721553415 68
1696286179867 0.017504544812254608 69
1696286179868 0.0173306236974895 70
1696286179869 0.017310725059360266 71
1696286179870 0.017067108303308487 72
1696286179872 0.017150632163975388 73
1696286179873 0.016900296323001385 74
1696286179875 0.016797521500848234 75
1696286179876 0.016615713306237012 76
1696286179877 0.016508231637999415 77
1696286179878 0.01610216876724735 78
1696286179879 0.015949473599903286 79
1696286179880 0.015906813030596823 80
1696286179881 0.015562853310257196 81
1696286179883 0.015472610597498715 82
1696286179884 0.015264368441421539 83
1696286179885 0.015097939118277282 84
1696286179886 0.014917363703716546 85
1696286179888 0.014677532075438648 86
1696286179889 0.014773501025047153 87
1696286179891 0.014591690734960139 88
1696286179892 0.014329654979519546 89
1696286179893 0.014209889457561076 90
1696286179894 0.014063925365917385 91
1696286179895 0.014219793200027198 92
1696286179897 0.01401689276099205 93
1696286179898 0.014011288760229945 94
1696286179899 0.013879084552172571 95
1696286179901 0.013833261677064002 96
1696286179902 0.013817848463077098 97
1696286179903 0.013722262636292726 98
1696286179904 0.013665928563568741 99
1696286179906 0.01362090470502153 100
1696286179907 0.013633114576805383 101
1696286179909 0.01368118729442358 102
1696286179910 0.01365630328655243 103
1696286179911 0.013679369643796235 104
1696286179912 0.013652451918460429 105
1696286179913 0.013577120145782828 106
1696286179914 0.013515460945200175 107
1696286179916 0.01353769056731835 108
1696286179917 0.013477111118845642 109
1696286179918 0.013647773652337492 110
1696286179919 0.013526226335670799 111
1696286179920 0.013438274734653533 112
1696286179922 0.01359497191151604 113
1696286179924 0.013386470614932477 114
1696286179925 0.013534572906792164 115
1696286179926 0.013468500052113086 116
1696286179927 0.013367327221203595 117
1696286179928 0.01352248660987243 118
1696286179929 0.013437660236377269 119
1696286179930 0.013560136081650853 120
1696286179931 0.013375865935813636 121
1696286179932 0.013391935848630965 122
1696286179933 0.013412565516773611 123
1696286179935 0.01338687154930085 124
1696286179936 0.013253055338282138 125
1696286179937 0.013318981975317001 126
1696286179938 0.01343800243921578 127
1696286179939 0.013377503317315131 128
1696286179941 0.013323795283213258 129
1696286179942 0.013366153463721275 130
1696286179943 0.013291729206684977 131
1696286179944 0.013301375729497522 132
1696286179945 0.013415542955044657 133
1696286179947 0.013208553253207356 134
1696286179948 0.013386690814513713 135
1696286179949 0.013343331112992018 136
1696286179950 0.013260254869237542 137
1696286179951 0.013203126727603376 138
1696286179952 0.0132404156611301 139
1696286179953 0.013243129709735513 140
1696286179955 0.013126733538229018 141
1696286179957 0.0131852543563582 142
1696286179958 0.013217098894529045 143
1696286179959 0.013240238768048584 144
1696286179960 0.013272728596348315 145
1696286179961 0.013166940421797335 146
1696286179962 0.013111504318658262 147
1696286179963 0.013117295457050204 148
1696286179964 0.013116115820594132 149
1696286179966 0.013211886282078922 150
1696286179967 0.013162212446331978 151
1696286179968 0.013017499644774944 152
1696286179969 0.013154076237697154 153
1696286179970 0.013237237464636564 154
1696286179971 0.013053965580184013 155
1696286179972 0.013138587295543402 156
1696286179974 0.013140674156602472 157
1696286179975 0.013120144954882562 158
1696286179976 0.013173106533940881 159
1696286179977 0.012961490720044822 160
1696286179978 0.013069850159808993 161
1696286179979 0.01308287534629926 162
1696286179980 0.01303524972172454 163
1696286179982 0.013038291304837912 164
1696286179983 0.01306718064006418 165
1696286179984 0.012889763514976948 166
1696286179985 0.01306641730479896 167
1696286179986 0.012995834113098681 168
1696286179987 0.01285538892261684 169
1696286179988 0.01305546163348481 170
1696286179990 0.012956090271472931 171
1696286179991 0.012979292485397309 172
1696286179992 0.01291416649473831 173
1696286179993 0.012919769913423806 174
1696286179995 0.012843274569604546 175
1696286179996 0.01295307878172025 176
1696286179997 0.01300534454640001 177
1696286179998 0.012873389467131346 178
1696286179999 0.012824651785194874 179
1696286180000 0.01295429584570229 180
1696286180001 0.012971837364602834 181
1696286180002 0.012936149374581873 182
1696286180003 0.012899998691864312 183
1696286180005 0.012824849865864962 184
1696286180006 0.012772463960573077 185
1696286180008 0.012888320139609277 186
1696286180009 0.012835042551159859 187
1696286180010 0.012890938116470352 188
1696286180011 0.012807720457203686 189
1696286180012 0.012820696749258786 190
1696286180013 0.012807367136701941 191
1696286180014 0.01279968797462061 192
1696286180015 0.012831908301450312 193
1696286180016 0.012794319511158392 194
1696286180018 0.012759580044075847 195
1696286180019 0.012804797617718577 196
1696286180020 0.012703078449703753 197
1696286180021 0.012858602160122246 198
1696286180022 0.012735451513435692 199
1696286180025 0.012836169393267483 200
1696286180026 0.01260996621567756 201
1696286180027 0.01289073977386579 202
1696286180028 0.01271967141656205 203
1696286180029 0.012677672202698886 204
1696286180031 0.01286358607467264 205
1696286180032 0.012660997832426801 206
1696286180034 0.012778551346855238 207
1696286180035 0.012668089679209515 208
1696286180036 0.012695610144874081 209
1696286180037 0.012684658024227247 210
1696286180039 0.012671464413870126 211
1696286180040 0.012777980125974864 212
1696286180042 0.012709072005236521 213
1696286180043 0.012715518823824823 214
1696286180044 0.012725766078801826 215
1696286180045 0.012663329398492351 216
1696286180046 0.012727573222946376 217
1696286180048 0.01274411947815679 218
1696286180049 0.012667034839978442 219
1696286180051 0.012713880103547126 220
1696286180052 0.012785145547240973 221
1696286180053 0.012610894511453807 222
1696286180054 0.012661507818847895 223
1696286180055 0.012765845574904233 224
1696286180057 0.012705433298833668 225
1696286180058 0.012610322737600654 226
1696286180059 0.012673276360146701 227
1696286180060 0.012625011033378541 228
1696286180062 0.012557123642181978 229
1696286180063 0.012586681987158954 230
1696286180064 0.012726736604236066 231
1696286180066 0.012628922471776605 232
1696286180067 0.012645073991734535 233
1696286180068 0.012582088558701798 234
1696286180069 0.012587161792907864 235
1696286180071 0.012627061718376353 236
1696286180072 0.012627957708900794 237
1696286180073 0.012564863223815337 238
1696286180075 0.012645944923860952 239
1696286180076 0.012593943567480892 240
1696286180077 0.01260583967086859 241
1696286180078 0.012643679743632674 242
1696286180079 0.012510989501606673 243
1696286180080 0.012652871198952198 244
1696286180082 0.012611041980562732 245
1696286180083 0.012436215649358928 246
1696286180084 0.01257659262046218 247
1696286180085 0.01245354930870235 248
1696286180086 0.012597869121236727 249
1696286180087 0.012506204104283825 250
1696286180089 0.012546085694339126 251
1696286180090 0.012460987374652177 252
1696286180091 0.012588238867465407 253
1696286180093 0.01256261084927246 254
1696286180094 0.012476469157263637 255
1696286180095 0.012510447966633365 256
1696286180096 0.012506411614594981 257
1696286180098 0.01245790472603403 258
1696286180099 0.012419865961419418 259
1696286180100 0.012572170526254922 260
1696286180101 0.012590158061357215 261
1696286180102 0.012444845895515755 262
1696286180103 0.012540377181721851 263
1696286180105 0.012449770729290321 264
1696286180106 0.012504393613198772 265
1696286180108 0.012348435120657086 266
1696286180109 0.012461416568839923 267
1696286180110 0.012329066637903452 268
1696286180112 0.012388807401293889 269
1696286180113 0.012446846812963486 270
1696286180114 0.012398910126648843 271
1696286180115 0.012413513468345627 272
1696286180116 0.012363820133032277 273
1696286180117 0.012342832400463521 274
1696286180118 0.012330639554420486 275
1696286180119 0.012219890486449003 276
1696286180121 0.012339847045950592 277
1696286180122 0.012334973027464002 278
1696286180124 0.012170276342658326 279
1696286180126 0.012357551866443828 280
1696286180127 0.01224319587345235 281
1696286180128 0.012232935201609507 282
1696286180129 0.012296002416405827 283
1696286180130 0.012229881103849038 284
1696286180132 0.012239229487022385 285
1696286180133 0.012245953781530261 286
1696286180134 0.012190630310215056 287
1696286180136 0.012190384848508984 288
1696286180137 0.012192179390694946 289
1696286180138 0.012205008359160274 290
1696286180140 0.012154845229815692 291
1696286180141 0.012205244798678905 292
1696286180142 0.012205669190734625 293
1696286180144 0.012066234776284546 294
1696286180145 0.012171326146926731 295
1696286180146 0.012120913248509169 296
1696286180148 0.012254763511009514 297
1696286180149 0.012192917871288955 298
1696286180150 0.01212274914723821 299
1696286180151 0.012107526155887172 300
1696286180152 0.012102741369744763 301
1696286180154 0.012070120486896485 302
1696286180155 0.01206301455385983 303
1696286180156 0.01218759038602002 304
1696286180158 0.012157331279013306 305
1696286180159 0.012078568630386144 306
1696286180160 0.012116251222323626 307
1696286180162 0.012080418586265296 308
1696286180163 0.011997178342426196 309
1696286180164 0.01211220448021777 310
1696286180165 0.012006355245830491 311
1696286180166 0.012138036836404353 312
1696286180168 0.012127830093959346 313
1696286180169 0.012006611650576815 314
1696286180170 0.012079000647645444 315
1696286180172 0.012113616714486852 316
1696286180174 0.012108317634556442 317
1696286180176 0.012021980830468237 318
1696286180178 0.012040098547004163 319
1696286180179 0.012023186922306195 320
1696286180180 0.012119578808778897 321
1696286180182 0.012017965753329918 322
1696286180183 0.011932834924664348 323
1696286180185 0.012114041397580877 324
1696286180186 0.011949760315474123 325
1696286180187 0.012140149076003581 326
1696286180188 0.012029753444949165 327
1696286180190 0.012007161159999669 328
1696286180191 0.012006870150798932 329
1696286180192 0.01200845988932997 330
1696286180194 0.012028735625790432 331
1696286180195 0.01206225118949078 332
1696286180196 0.01205261392169632 333
1696286180197 0.01199760113377124 334
1696286180199 0.012000112095847726 335
1696286180200 0.012024881201796234 336
1696286180201 0.012083335052011535 337
1696286180202 0.01203174889087677 338
1696286180204 0.011960801901295781 339
1696286180205 0.012003730837022886 340
1696286180207 0.012031555641442537 341
1696286180208 0.012056422885507345 342
1696286180210 0.012032046768581495 343
1696286180211 0.011963642638875172 344
1696286180212 0.012018259119940922 345
1696286180213 0.011994881235295907 346
1696286180214 0.011935784568777308 347
1696286180215 0.011970563879003748 348
1696286180216 0.011978495895164087 349
1696286180217 0.011956062517128885 350
1696286180218 0.011960332049056888 351
1696286180219 0.011963363212998956 352
1696286180220 0.01194329370628111 353
1696286180222 0.011971320607699454 354
1696286180223 0.011971646134043112 355
1696286180225 0.011941670818487182 356
1696286180226 0.011943419958697632 357
1696286180227 0.01204122687340714 358
1696286180229 0.012002613337244838 359
1696286180230 0.011946233280468732 360
1696286180231 0.011873439856572077 361
1696286180232 0.011983691656496376 362
1696286180233 0.011938967771129683 363
1696286180234 0.011949759820709005 364
1696286180236 0.01190251111984253 365
1696286180237 0.011963140015723184 366
1696286180238 0.01194709914852865 367
1696286180239 0.01186870044330135 368
1696286180241 0.012060648907208815 369
1696286180242 0.01186946828966029 370
1696286180244 0.012000534334219992 371
1696286180245 0.0119574150594417 372
1696286180246 0.011956676316913217 373
1696286180247 0.011939684918615967 374
1696286180248 0.011897410557139665 375
1696286180250 0.011960136820562184 376
1696286180251 0.012098970997612923 377
1696286180252 0.01195592965814285 378
1696286180253 0.011867509863805026 379
1696286180255 0.011879242141731083 380
1696286180257 0.011945280130021274 381
1696286180258 0.011921514640562236 382
1696286180260 0.011918995704036206 383
1696286180261 0.012006726901745424 384
1696286180262 0.011991381441475824 385
1696286180263 0.011874685587827116 386
1696286180264 0.01190789433894679 387
1696286180265 0.01197906958987005 388
1696286180266 0.011937203060369939 389
1696286180267 0.011872493458213285 390
1696286180268 0.011974915280006826 391
1696286180269 0.011905991297680885 392
1696286180270 0.011895261966856197 393
1696286180272 0.011938805837417021 394
1696286180273 0.012062361900461838 395
1696286180275 0.011891077185282484 396
1696286180276 0.011998400063021109 397
1696286180277 0.011925876955501735 398
1696286180278 0.011905538878636435 399
1696286180279 0.011785636568674818 400
1696286180280 0.012082868866855279 401
1696286180281 0.011896516662091017 402
1696286180282 0.011936666414840147 403
1696286180284 0.011978028691373765 404
1696286180286 0.011899538629222661 405
1696286180288 0.011876047210535035 406
1696286180289 0.01181896758498624 407
1696286180290 0.012028948025545105 408
1696286180291 0.011906155326869339 409
1696286180293 0.011855593329528347 410
1696286180294 0.011863246181746945 411
1696286180295 0.011899916833499447 412
1696286180296 0.011940414435230196 413
1696286180297 0.011836337303975597 414
1696286180298 0.011838323349365965 415
1696286180299 0.012000644608633593 416
1696286180300 0.011840606079204008 417
1696286180301 0.011993690568488091 418
1696286180302 0.011952723347349092 419
1696286180303 0.011959739320445806 420
1696286180305 0.011843219923321158 421
1696286180306 0.011868743400555104 422
1696286180308 0.011882697144756094 423
1696286180309 0.012010282720439136 424
1696286180310 0.0118873511091806 425
1696286180311 0.011877628072397783 426
1696286180312 0.011906262720003724 427
1696286180313 0.011900071025593206 428
1696286180314 0.011833371652755886 429
1696286180316 0.01190569347818382 430
1696286180317 0.01185134390834719 431
1696286180318 0.011801847314927727 432
1696286180319 0.011851840856252238 433
1696286180320 0.01185414576320909 434
1696286180321 0.011826840258436278 435
1696286180322 0.011952835659030825 436
1696286180324 0.011855391436256468 437
1696286180326 0.011859843041747808 438
1696286180327 0.011843087180750445 439
1696286180328 0.011880767880938947 440
1696286180329 0.011818915663752705 441
1696286180330 0.011888416105648503 442
1696286180331 0.011896475014509633 443
1696286180332 0.011913457477930933 444
1696286180333 0.011814297206001356 445
1696286180335 0.011825799912912771 446
1696286180336 0.011938554991502315 447
1696286180337 0.011915632436284795 448
1696286180338 0.011721572693204507 449
1696286180340 0.01183815102558583 450
1696286180341 0.011902334255864844 451
1696286180342 0.011809479561634362 452
1696286180343 0.01192606904078275 453
1696286180344 0.01178494593477808 454
1696286180345 0.011911804060218856 455
1696286180347 0.011900875280844048 456
1696286180348 0.011856419441755861 457
1696286180349 0.011921628087293357 458
1696286180350 0.011801157903391868 459
1696286180351 0.01183117987238802 460
1696286180352 0.011868155765114352 461
1696286180354 0.011906033818377182 462
1696286180355 0.011911858106032014 463
1696286180356 0.011811931850388646 464
1696286180358 0.011807292874436826 465
1696286180359 0.011820535379229113 466
1696286180360 0.011873640236444771 467
1696286180361 0.011904315877472982 468
1696286180362 0.011846862878883258 469
1696286180363 0.01181306701619178 470
1696286180364 0.01181635889224708 471
1696286180365 0.011792870587669313 472
1696286180366 0.011972647247603163 473
1696286180367 0.011871736234752461 474
1696286180369 0.011809700692538172 475
1696286180370 0.011914481641724706 476
1696286180371 0.011820709536550567 477
1696286180372 0.01178384231752716 478
1696286180373 0.011820538784377277 479
1696286180375 0.011847659043269232 480
1696286180376 0.011796249978942797 481
1696286180377 0.011833317170385271 482
1696286180378 0.011838068254292011 483
1696286180379 0.011840452731121331 484
1696286180380 0.011759739863919094 485
1696286180382 0.011804609763203189 486
1696286180383 0.011865987675264478 487
1696286180384 0.01176584156928584 488
1696286180385 0.011896382638951764 489
1696286180386 0.011887496599229053 490
1696286180388 0.011854386975755915 491
1696286180389 0.011914339498616755 492
1696286180390 0.011822909786133096 493
1696286180392 0.01180176215711981 494
1696286180393 0.011766579031245783 495
1696286180394 0.011834954930236563 496
1696286180395 0.01178603497100994 497
1696286180396 0.011788965639425442 498
1696286180397 0.011731774982763454 499
1696286180399 0.011867193650687113 500
1696286180400 0.011806714028352872 501
1696286180401 0.011932048422750086 502
1696286180403 0.011779360531363636 503
1696286180404 0.01183982691145502 504
1696286180405 0.0119143984047696 505
1696286180406 0.011784795991843566 506
1696286180408 0.011839775717817247 507
1696286180409 0.011819771898444742 508
1696286180410 0.01186439857701771 509
1696286180411 0.0116932307719253 510
1696286180412 0.011907207110198215 511
1696286180414 0.011870981194078922 512
1696286180415 0.011788029805757105 513
1696286180416 0.011757592728827149 514
1696286180417 0.011823856271803379 515
1696286180418 0.011774961749324575 516
1696286180420 0.01186486246297136 517
1696286180421 0.011743445036699995 518
1696286180422 0.011815428006229922 519
1696286180424 0.011828438175143674 520
1696286180426 0.011745741940103471 521
1696286180427 0.011882570222951472 522
1696286180428 0.011810548137873411 523
1696286180429 0.01181943216943182 524
1696286180430 0.01179997983854264 525
1696286180431 0.011871773691382259 526
1696286180432 0.011749597324524075 527
1696286180433 0.011751732847187668 528
1696286180434 0.011806651949882507 529
1696286180436 0.011781988287111744 530
1696286180437 0.011881975486176088 531
1696286180438 0.011760772089473903 532
1696286180439 0.011734665400581434 533
1696286180441 0.011856164375785738 534
1696286180443 0.011774729646276683 535
1696286180444 0.011753770988434553 536
1696286180445 0.011746582196792588 537
1696286180446 0.011807417991803959 538
1696286180448 0.01180605439003557 539
1696286180449 0.011744224582798779 540
1696286180450 0.01183696900261566 541
1696286180451 0.011815378384198993 542
1696286180452 0.011786318267695606 543
1696286180454 0.011713147076079622 544
1696286180455 0.011847284564282745 545
1696286180456 0.011844960448797792 546
1696286180457 0.011859346443088725 547
1696286180459 0.011810645140940323 548
1696286180460 0.011769634642405435 549
1696286180461 0.011841225961688906 550
1696286180462 0.011725657270289958 551
1696286180463 0.01181953854393214 552
1696286180464 0.011827339534647763 553
1696286180465 0.011783887079218403 554
1696286180467 0.011838840087875724 555
1696286180468 0.011785019596572965 556
1696286180469 0.011812794633442536 557
1696286180470 0.011674811481498182 558
1696286180471 0.011736292974092066 559
1696286180472 0.011876952485181391 560
1696286180473 0.01165925184614025 561
1696286180475 0.01172521390253678 562
1696286180476 0.011837007099529728 563
1696286180477 0.011742986767785624 564
1696286180478 0.011839961603982374 565
1696286180479 0.011758021311834455 566
1696286180480 0.01173858396941796 567
1696286180482 0.011827006499515846 568
1696286180483 0.011755781451938674 569
1696286180484 0.01173546488280408 570
1696286180485 0.011728970421245322 571
1696286180486 0.011856233410071582 572
1696286180487 0.011703294614562765 573
1696286180489 0.011724345211405307 574
1696286180490 0.011709003243595362 575
1696286180491 0.011792029632488266 576
1696286180492 0.011743741430109367 577
1696286180494 0.011807695089373738 578
1696286180495 0.011748692864784971 579
1696286180496 0.01173361306427978 580
1696286180497 0.01184026151895523 581
1696286180498 0.011779678548919037 582
1696286180499 0.011811209667939693 583
1696286180500 0.011787545663537458 584
1696286180501 0.011751287442166358 585
1696286180503 0.011830653093056753 586
1696286180504 0.011734594561858103 587
1696286180505 0.011848832800751552 588
1696286180507 0.011741035094019026 589
1696286180509 0.011722527589881793 590
1696286180510 0.011728373472578824 591
1696286180511 0.011843273154227063 592
1696286180512 0.011799149855505675 593
1696286180513 0.011623158527072519 594
1696286180514 0.011821894819149747 595
1696286180515 0.011812899931101128 596
1696286180517 0.011755995015846565 597
1696286180518 0.0117968357517384 598
1696286180519 0.011696684727212414 599
1696286180520 0.011745576251996681 600
1696286180521 0.011773640901083127 601
1696286180522 0.011751534591894597 602
1696286180524 0.011739628243958578 603
1696286180525 0.011675426358124241 604
1696286180526 0.011800511187175289 605
1696286180527 0.011822969448985532 606
1696286180528 0.011753181868698448 607
1696286180530 0.011724466778105125 608
1696286180531 0.01170898080454208 609
1696286180532 0.011774696002248675 610
1696286180533 0.011745514610083774 611
1696286180534 0.011757331085391343 612
1696286180535 0.011738633300410584 613
1696286180536 0.01179688289994374 614
1696286180537 0.011621961632044986 615
1696286180538 0.011787739174906164 616
1696286180540 0.011778549320297316 617
1696286180541 0.011831105075543746 618
1696286180542 0.011642114433925599 619
1696286180543 0.011782524903537706 620
1696286180544 0.011745651456294581 621
1696286180546 0.011759245215216652 622
1696286180547 0.011665433150483295 623
1696286180548 0.011769858771003783 624
1696286180549 0.011795255675679073 625
1696286180550 0.011618068616371602 626
1696286180551 0.011771474091801792 627
1696286180552 0.011764517286792397 628
1696286180553 0.01177976798499003 629
1696286180555 0.011713092913851142 630
1696286180556 0.011655380279989913 631
1696286180558 0.011752532504033297 632
1696286180560 0.011729649326298386 633
1696286180562 0.0117111646104604 634
1696286180563 0.011675569141516462 635
1696286180564 0.011767527728807181 636
1696286180565 0.01174218615051359 637
1696286180566 0.011728389945346862 638
1696286180567 0.011777354869991541 639
1696286180568 0.011810711090220138 640
1696286180569 0.01171061079367064 641
1696286180570 0.011739773763110861 642
1696286180572 0.011741692724172026 643
1696286180574 0.011771918536396697 644
1696286180575 0.011727717879693955 645
1696286180576 0.011751548969186842 646
1696286180577 0.011794127698522061 647
1696286180578 0.011751373909646645 648
1696286180579 0.0116798919334542 649
1696286180580 0.011784776288550347 650
1696286180582 0.011724914307706058 651
1696286180583 0.011729142890544608 652
1696286180584 0.01170155787258409 653
1696286180585 0.011692394327837974 654
1696286180586 0.01172298815799877 655
1696286180587 0.011750063160434365 656
1696286180588 0.011758505366742611 657
1696286180589 0.011670973064610735 658
1696286180591 0.011703807394951582 659
1696286180592 0.011766931973397732 660
1696286180593 0.011660352378385141 661
1696286180594 0.011737948254449293 662
1696286180595 0.01165123755345121 663
1696286180596 0.011708563077263534 664
1696286180598 0.011742308473912999 665
1696286180599 0.011701646057190374 666
1696286180600 0.011717336921719834 667
1696286180601 0.011656204180326313 668
1696286180602 0.011665558035019785 669
1696286180603 0.011701815557898954 670
1696286180604 0.011649618274532259 671
1696286180606 0.011718905356246978 672
1696286180607 0.011678591137751937 673
1696286180608 0.011686470330459997 674
1696286180609 0.01169518122333102 675
1696286180610 0.011691659892676398 676
1696286180612 0.011776563129387796 677
1696286180613 0.011618850112427026 678
1696286180615 0.011668710445519537 679
1696286180617 0.011726123979315162 680
1696286180618 0.011814174242317677 681
1696286180619 0.011699627677444369 682
1696286180620 0.011731360777048394 683
1696286180622 0.011760496301576495 684
1696286180623 0.01175650701043196 685
1696286180624 0.011579193960642442 686
1696286180626 0.0116996455763001 687
1696286180627 0.011714336986187845 688
1696286180628 0.011770858691306785 689
1696286180629 0.01169999485136941 690
1696286180630 0.011667862185277045 691
1696286180631 0.011685082368785515 692
1696286180632 0.011700679402565584 693
1696286180633 0.011624741513514891 694
1696286180634 0.01162260171258822 695
1696286180635 0.011740207381080836 696
1696286180637 0.011661519325571135 697
1696286180638 0.011729163612471893 698
1696286180639 0.011698827904183418 699
